1.0,0.6986,0.8054,0.7311,0.6628,0.648,0.7517,0.7488,0.7522,0.5958,0.8218,0.8416,0.7277,0.7385,0.6509,0.7349,0.7555,0.7094,0.6644,0.6733,0.725,0.8425,0.7337,0.8268,0.7739,0.725,0.7951,0.6614,0.6594,0.725,0.7922,0.6835,0.8086,0.7453,0.8015,0.7605,0.8033,0.7236,0.7333,0.6904,0.7312,0.7298,0.7902,0.7404,0.7401,0.7349,0.7069,0.741,0.7175,0.747,0.7037,0.7789,0.7284,0.7623,0.7404,0.7333,0.6585,0.6876,0.7738,0.8204,0.6708,0.69,0.6999,0.7207,0.62,0.7488,0.744,0.8147,0.725,0.7522,0.7227,0.7585,0.8044,0.7524,0.6751,0.6941,0.7557,0.7357,0.732,0.6716,0.7504,0.7298,0.7459,0.7005,0.7133,0.7298,0.7478,0.8149,0.844,0.6619,0.7419,0.7337,0.7435,0.7337,0.8365,0.6941,0.8137,0.692,0.7367,0.6266,0.8061,0.7298,0.6764,0.7349,0.7349,0.6672,0.7349,0.6642,0.7298,0.6856,0.7406,0.8061,0.7333,0.56,0.6999,0.4598,0.7823,0.6337,0.7349,0.6941,0.6684,0.7401,0.7349,0.7109,0.698,0.6941,0.6672,0.6418,0.7577,0.7298,0.7349,0.6371,0.7823,0.7555,0.6941,0.7504,0.7316,0.6371,0.8717,0.7349,0.7349,0.8049,0.7349,0.7349,0.7349,0.7626,0.7349,0.7809,0.7349,0.6672,0.6945,0.7126,0.7349,0.8044,0.7349,0.7298,0.7333,0.7298,0.7349,0.7109,0.7349,0.7367,0.7349,0.8198,0.6904,0.698,0.7349,0.6672,0.698,0.759,0.7453,0.7349,0.698,0.7349,0.5803,0.7349,0.7349,0.7333,0.7223,0.6672,0.7401,0.634,0.7471,0.7349,0.7298,0.7334,0.7349,0.698,0.7821,0.7401,0.7435,0.7349,0.7349,0.7333,0.7333,0.7653,0.6455,0.7349,0.6672,0.7349,0.7349,0.7349,0.7349,0.7349,0.7349,0.7555,0.8061,0.7349,0.6664,0.7349,0.7349,0.7555,0.7587,
0.6986,1.0,0.6832,0.6741,0.6834,0.6438,0.6919,0.7275,0.7351,0.3131,0.6962,0.6294,0.7767,0.7356,0.6792,0.7233,0.7266,0.7417,0.71,0.6508,0.7154,0.6472,0.7161,0.6339,0.7184,0.7241,0.6837,0.6622,0.6367,0.7414,0.7116,0.671,0.5998,0.727,0.6582,0.7241,0.6889,0.7275,0.7178,0.6796,0.7371,0.7382,0.6958,0.7246,0.7207,0.7233,0.7355,0.716,0.7281,0.7178,0.6837,0.7246,0.7154,0.7176,0.7332,0.7324,0.6698,0.7556,0.7309,0.6,0.6532,0.6757,0.6958,0.7037,0.6345,0.7275,0.687,0.5786,0.7241,0.7507,0.7011,0.6533,0.712,0.5503,0.6477,0.681,0.7315,0.7309,0.7418,0.7002,0.7241,0.7178,0.7245,0.76,0.681,0.7207,0.6784,0.6989,0.6276,0.6647,0.7284,0.7275,0.6261,0.7161,0.6352,0.6946,0.6247,0.6676,0.7622,0.2643,0.6903,0.7178,0.7636,0.7233,0.7233,0.6698,0.7233,0.6534,0.7207,0.7011,0.7011,0.6903,0.7251,0.3151,0.6931,0.1552,0.6135,0.304,0.7233,0.6946,0.6753,0.7178,0.7233,0.6852,0.6852,0.7137,0.7636,0.3298,0.6986,0.7266,0.7233,0.6346,0.6135,0.7266,0.7246,0.7178,0.7382,0.6346,0.6282,0.7233,0.7233,0.7011,0.7233,0.7233,0.7233,0.6852,0.7233,0.6097,0.7233,0.6698,0.6973,0.7039,0.7233,0.712,0.7233,0.7207,0.7324,0.7207,0.7233,0.7402,0.7233,0.6852,0.7233,0.6869,0.6904,0.6852,0.7233,0.7011,0.6962,0.7949,0.7328,0.7233,0.6962,0.7233,0.5802,0.7233,0.7233,0.7266,0.6542,0.6542,0.7324,0.3851,0.7361,0.7233,0.7207,0.6903,0.7233,0.6962,0.711,0.7178,0.7266,0.7233,0.7233,0.7178,0.7324,0.6019,0.6984,0.7233,0.6698,0.7233,0.7233,0.7233,0.7233,0.7233,0.7233,0.7266,0.6903,0.7233,0.4404,0.7233,0.7233,0.7266,0.5842,
0.8054,0.6832,1.0,0.7679,0.73,0.7303,0.7691,0.8096,0.8231,0.3647,0.8883,0.8296,0.7815,0.7897,0.7301,0.7954,0.8197,0.7731,0.7349,0.7477,0.7897,0.8572,0.7912,0.9117,0.8079,0.7897,0.846,0.7455,0.7414,0.7938,0.8242,0.7868,0.7231,0.7897,0.8819,0.8187,0.8587,0.7973,0.7904,0.7789,0.8083,0.7946,0.7769,0.7973,0.7946,0.7954,0.773,0.6911,0.7968,0.8092,0.8042,0.8137,0.7856,0.8123,0.7932,0.7946,0.7255,0.7417,0.8089,0.8456,0.7635,0.7847,0.7731,0.8,0.6946,0.8035,0.8836,0.9016,0.7938,0.8129,0.776,0.742,0.862,0.6098,0.7196,0.7652,0.8203,0.8008,0.783,0.7187,0.8187,0.7946,0.8223,0.7574,0.8003,0.7904,0.7933,0.9027,0.8144,0.7795,0.8021,0.7932,0.7263,0.8014,0.8096,0.773,0.7684,0.7289,0.773,0.5555,0.8842,0.7946,0.7246,0.7954,0.7954,0.7919,0.7954,0.7921,0.8029,0.7471,0.7471,0.8842,0.8029,0.6342,0.804,0.1878,0.8645,0.4129,0.7954,0.7808,0.8158,0.7946,0.7954,0.7572,0.773,0.773,0.7471,0.6405,0.817,0.7946,0.7954,0.7168,0.8645,0.8197,0.7574,0.7904,0.7904,0.7168,0.8848,0.7954,0.7954,0.8815,0.7954,0.7954,0.7954,0.8282,0.7954,0.8389,0.7954,0.7471,0.7921,0.7653,0.7954,0.862,0.7954,0.7904,0.7946,0.7904,0.7954,0.773,0.7954,0.773,0.7954,0.8802,0.7731,0.773,0.7954,0.7471,0.8045,0.7919,0.7897,0.7954,0.773,0.7954,0.6701,0.7954,0.7954,0.7946,0.7471,0.7359,0.7904,0.6999,0.8137,0.7954,0.7904,0.732,0.7954,0.7572,0.7808,0.7946,0.7946,0.7954,0.7954,0.7904,0.7946,0.6691,0.7491,0.7954,0.7471,0.7954,0.7954,0.7954,0.7954,0.7954,0.7954,0.8197,0.8842,0.7954,0.7458,0.7954,0.7954,0.8197,0.6501,
0.7311,0.6741,0.7679,1.0,0.8642,0.8461,0.8975,0.9283,0.9259,0.4565,0.8686,0.791,0.8266,0.9269,0.8653,0.9325,0.9336,0.8959,0.8492,0.8861,0.9348,0.8264,0.9283,0.8063,0.9217,0.9309,0.8982,0.8705,0.8308,0.9309,0.8378,0.872,0.7901,0.9269,0.8393,0.9544,0.8653,0.9244,0.9296,0.9106,0.9199,0.9296,0.8996,0.9244,0.9534,0.9325,0.9012,0.8104,0.9221,0.9296,0.9197,0.9283,0.9269,0.9465,0.9477,0.9296,0.867,0.8534,0.9259,0.7572,0.8532,0.8945,0.9106,0.8932,0.8607,0.9244,0.8424,0.7385,0.9309,0.9298,0.8944,0.8458,0.9106,0.7299,0.8454,0.9012,0.9237,0.9451,0.9244,0.8432,0.9309,0.9296,0.9237,0.8975,0.8975,0.9336,0.8536,0.8693,0.7938,0.8259,0.9269,0.9244,0.8299,0.9283,0.8277,0.8975,0.8289,0.8456,0.8991,0.3297,0.8709,0.9296,0.8658,0.9325,0.9325,0.8658,0.9325,0.865,0.9296,0.8658,0.8658,0.8709,0.9296,0.3618,0.8959,0.2592,0.7621,0.4355,0.9325,0.8975,0.8736,0.9296,0.9325,0.8991,0.9141,0.916,0.8658,0.3989,0.8587,0.9336,0.9325,0.8222,0.7621,0.9336,0.8975,0.9296,0.9296,0.8222,0.8198,0.9325,0.9325,0.8871,0.9325,0.9325,0.9325,0.8991,0.9325,0.8352,0.9325,0.8658,0.865,0.8959,0.9325,0.9106,0.9325,0.9296,0.9296,0.9296,0.9325,0.8991,0.9325,0.8991,0.9325,0.8703,0.9106,0.8991,0.9325,0.8871,0.8991,0.8658,0.9269,0.9325,0.8991,0.9325,0.7495,0.9325,0.9325,0.9296,0.8658,0.8658,0.9296,0.4998,0.9322,0.9325,0.9336,0.8468,0.9325,0.8991,0.9012,0.9296,0.9296,0.9325,0.9325,0.9296,0.9296,0.8066,0.8098,0.9325,0.8658,0.9325,0.9325,0.9325,0.9325,0.9325,0.9325,0.9336,0.8709,0.9325,0.5281,0.9325,0.9325,0.9336,0.786,
0.6628,0.6834,0.73,0.8642,1.0,0.8472,0.8982,0.9249,0.9227,0.4568,0.867,0.7669,0.8252,0.9272,0.8502,0.9325,0.9298,0.8967,0.8675,0.8659,0.9272,0.7976,0.9249,0.7779,0.9187,0.9272,0.8954,0.8647,0.8209,0.9272,0.8122,0.8873,0.78,0.9272,0.8091,0.9272,0.8469,0.9249,0.9298,0.9005,0.9206,0.9298,0.8967,0.9288,0.9298,0.9325,0.8982,0.8866,0.9266,0.9298,0.8982,0.9249,0.9512,0.9206,0.9249,0.9298,0.9913,0.8751,0.9227,0.7235,0.8549,0.8954,0.8967,0.8943,0.8272,0.9288,0.8289,0.7067,0.9272,0.9266,0.8922,0.847,0.8967,0.7343,0.8469,0.8982,0.9245,0.9266,0.9288,0.8356,0.9272,0.9298,0.9206,0.9133,0.8982,0.9298,0.8551,0.847,0.7725,0.8243,0.9272,0.9249,0.8314,0.9249,0.814,0.8982,0.8183,0.8469,0.8997,0.2827,0.8477,0.9298,0.8882,0.9325,0.9325,0.8882,0.9325,0.8659,0.9298,0.8666,0.8666,0.8477,0.9298,0.3073,0.9117,0.2606,0.7269,0.425,0.9325,0.9019,0.8889,0.9298,0.9325,0.8997,0.8997,0.8982,0.8666,0.3485,0.8469,0.9298,0.9325,0.8236,0.7269,0.9298,0.8982,0.9298,0.9338,0.8236,0.8191,0.9325,0.9325,0.8666,0.9325,0.9325,0.9325,0.8997,0.9325,0.7121,0.9325,0.8666,0.8659,0.9192,0.9325,0.8967,0.9325,0.954,0.9298,0.954,0.9325,0.8997,0.9325,0.8997,0.9325,0.8474,0.8967,0.8997,0.9325,0.8666,0.8997,0.8666,0.9272,0.9325,0.8997,0.9325,0.7479,0.9325,0.9325,0.9298,0.8666,0.8666,0.9298,0.4054,0.9288,0.9325,0.9298,0.8477,0.9325,0.9912,0.8982,0.9298,0.9298,0.9325,0.9325,0.9298,0.9298,0.8076,0.8115,0.9325,0.8666,0.9325,0.9325,0.9325,0.9325,0.9325,0.9325,0.9298,0.8477,0.9325,0.4795,0.9325,0.9325,0.9298,0.7871,
0.648,0.6438,0.7303,0.8461,0.8472,1.0,0.8796,0.9097,0.9036,0.4466,0.8322,0.7477,0.8076,0.9082,0.8322,0.9135,0.9108,0.8818,0.8524,0.8478,0.9082,0.7806,0.9059,0.7614,0.8996,0.9121,0.8804,0.99,0.8031,0.9082,0.7978,0.8925,0.7866,0.9082,0.792,0.9082,0.8322,0.9097,0.9108,0.8781,0.9016,0.9108,0.8818,0.9059,0.9108,0.9135,0.8796,0.7948,0.9036,0.9108,0.8796,0.9059,0.9082,0.9279,0.9059,0.9108,0.8466,0.8368,0.9074,0.708,0.8497,0.9774,0.9035,0.8756,0.8065,0.9059,0.8111,0.6914,0.9082,0.9036,0.8734,0.8292,0.8781,0.7159,0.8518,0.8796,0.9016,0.9036,0.9059,0.8177,0.9082,0.9383,0.9053,0.8796,0.8796,0.9108,0.837,0.8292,0.7531,0.8068,0.9082,0.9059,0.8137,0.9059,0.7936,0.8796,0.8864,0.8422,0.8811,0.2756,0.8301,0.9383,0.8486,0.9135,0.9135,0.8486,0.9135,0.8478,0.9108,0.8486,0.8486,0.8301,0.9108,0.3001,0.8781,0.2543,0.7115,0.4153,0.9135,0.8796,0.8563,0.9108,0.9135,0.8811,0.8811,0.8796,0.8486,0.3402,0.829,0.9108,0.9135,0.8252,0.7115,0.9108,0.9199,0.9108,0.9108,0.8252,0.7838,0.9135,0.9135,0.8486,0.9135,0.9135,0.9135,0.8811,0.9135,0.6966,0.9135,0.8486,0.8478,0.8927,0.9135,0.8781,0.9135,0.9108,0.9108,0.9108,0.9135,0.8811,0.9135,0.8811,0.9135,0.8297,0.8781,0.9848,0.9135,0.8486,0.8811,0.8486,0.9082,0.9135,0.8811,0.9135,0.7321,0.9135,0.9135,0.9108,0.8486,0.8486,0.9108,0.3961,0.9059,0.9135,0.9108,0.8301,0.9135,0.8811,0.8796,0.9108,0.9108,0.9135,0.9135,0.9108,0.9108,0.7907,0.8063,0.9135,0.8486,0.9135,0.9135,0.9135,0.9135,0.9135,0.9135,0.9108,0.8301,0.9135,0.4689,0.9135,0.9135,0.9108,0.7706,
0.7517,0.6919,0.7691,0.8975,0.8982,0.8796,1.0,0.959,0.9569,0.5318,0.8833,0.8131,0.858,0.9612,0.8798,0.9662,0.9636,0.9305,0.8796,0.8986,0.9612,0.8423,0.959,0.8085,0.9533,0.9612,0.9333,0.8978,0.867,0.9612,0.8446,0.9218,0.8429,0.9612,0.8405,0.9612,0.8798,0.959,0.9636,0.9305,0.955,0.9636,0.9464,0.959,0.9636,0.9662,0.9317,0.8446,0.9569,0.9636,0.9317,0.9632,0.9612,0.955,0.959,0.9636,0.8978,0.9457,0.9611,0.7641,0.8884,0.9293,0.9305,0.9478,0.8561,0.959,0.8586,0.7352,0.9612,0.9569,0.9265,0.9014,0.9344,0.7994,0.8798,0.9317,0.955,0.9569,0.959,0.8654,0.9612,0.9636,0.955,0.9317,0.9357,0.9636,0.8883,0.8796,0.8221,0.8567,0.9612,0.9758,0.8882,0.959,0.8663,0.9317,0.8742,0.8797,0.9331,0.3263,0.8798,0.9636,0.8991,0.9662,0.9662,0.8991,0.9662,0.8986,0.9636,0.8991,0.8991,0.8798,0.9636,0.3217,0.9464,0.3346,0.7553,0.4992,0.9662,0.9317,0.9079,0.9636,0.9662,0.9331,0.9331,0.9317,0.8991,0.3807,0.8833,0.9636,0.9662,0.8556,0.7553,0.9636,0.9317,0.968,0.9636,0.8556,0.8461,0.9662,0.9662,0.8991,0.9662,0.9662,0.9662,0.9331,0.9662,0.7412,0.9662,0.8991,0.8986,0.9305,0.9662,0.9344,0.9662,0.9636,0.9636,0.9636,0.9662,0.9331,0.9662,0.9331,0.9662,0.8833,0.9305,0.9331,0.9662,0.8991,0.9331,0.8991,0.9612,0.9662,0.9331,0.9662,0.7771,0.9662,0.9662,0.9636,0.8991,0.8991,0.9636,0.4235,0.959,0.9662,0.9636,0.8798,0.9662,0.9331,0.9317,0.9636,0.9636,0.9662,0.9662,0.9636,0.9636,0.87,0.8437,0.9662,0.8991,0.9662,0.9662,0.9662,0.9662,0.9662,0.9662,0.9636,0.8798,0.9662,0.4997,0.9662,0.9662,0.9636,0.8512,
0.7488,0.7275,0.8096,0.9283,0.9249,0.9097,0.959,1.0,0.9848,0.4938,0.9327,0.8516,0.888,0.9889,0.9102,0.9937,0.9957,0.9579,0.9365,0.9252,0.9889,0.8856,0.9868,0.8671,0.9898,0.9934,0.9609,0.9246,0.8808,0.9889,0.8949,0.9341,0.8527,0.9889,0.8982,0.9934,0.9327,0.9912,0.9957,0.9579,0.983,0.9912,0.9662,0.9868,0.9912,0.9937,0.959,0.8707,0.9848,0.9912,0.959,0.9912,0.9934,0.9916,0.9868,0.9912,0.9246,0.9154,0.9935,0.8157,0.9156,0.9609,0.9579,0.9559,0.8822,0.9868,0.9063,0.7965,0.9889,0.9892,0.9543,0.906,0.9745,0.7839,0.9252,0.959,0.9916,0.9848,0.9868,0.892,0.9934,0.9912,0.9873,0.959,0.959,0.9912,0.9152,0.9326,0.8545,0.8865,0.9889,0.9868,0.8901,0.9868,0.8898,0.959,0.891,0.9213,0.9603,0.3653,0.9331,0.9912,0.9256,0.9937,0.9937,0.9256,0.9937,0.9252,0.9912,0.9256,0.9256,0.9331,0.9912,0.3962,0.9579,0.2841,0.8197,0.4737,0.9937,0.959,0.9349,0.9912,0.9937,0.9773,0.9603,0.959,0.9256,0.438,0.9214,0.9912,0.9937,0.8815,0.8197,0.9957,0.9758,0.9912,0.9912,0.8815,0.8828,0.9937,0.9937,0.9498,0.9937,0.9937,0.9937,0.9603,0.9937,0.8024,0.9937,0.9256,0.9252,0.9579,0.9937,0.9745,0.9937,0.9912,0.9912,0.9912,0.9937,0.9603,0.9937,0.9603,0.9937,0.9329,0.9579,0.9603,0.9937,0.9256,0.9603,0.9256,0.9889,0.9937,0.9603,0.9937,0.8041,0.9937,0.9937,0.9912,0.9256,0.9256,0.9912,0.4976,0.9912,0.9937,0.9912,0.9058,0.9937,0.9603,0.9632,0.9912,0.9912,0.9937,0.9937,0.9957,0.9912,0.8636,0.8697,0.9937,0.9256,0.9937,0.9937,0.9937,0.9937,0.9937,0.9937,0.9957,0.9331,0.9937,0.5732,0.9937,0.9937,0.9957,0.842,
0.7522,0.7351,0.8231,0.9259,0.9227,0.9036,0.9569,0.9848,1.0,0.4901,0.9077,0.8166,0.9028,0.987,0.9263,0.992,0.9894,0.9557,0.9037,0.9467,0.9914,0.8521,0.9892,0.8443,0.9791,0.9914,0.9709,0.9223,0.8982,0.987,0.8715,0.9317,0.8335,0.987,0.8672,0.987,0.904,0.9848,0.9894,0.9722,0.9851,0.9894,0.9557,0.9848,0.9894,0.992,0.9611,0.8715,0.9828,0.9939,0.9569,0.9848,0.987,0.9809,0.9848,0.9894,0.9223,0.9129,0.9828,0.7733,0.913,0.9546,0.9722,0.9536,0.9012,0.9892,0.8826,0.7762,0.987,0.9871,0.9598,0.9188,0.9557,0.7848,0.904,0.9611,0.9809,0.9828,0.9848,0.8894,0.987,0.9894,0.9851,0.9569,0.9569,0.9894,0.9278,0.9112,0.8226,0.8804,0.9914,0.9848,0.8877,0.9892,0.8663,0.9569,0.8744,0.9038,0.9583,0.3067,0.9037,0.9894,0.9235,0.992,0.992,0.9235,0.992,0.9231,0.9894,0.9235,0.9235,0.9037,0.9939,0.3314,0.9557,0.2818,0.7762,0.4572,0.992,0.9569,0.9326,0.9894,0.992,0.9583,0.9751,0.9611,0.9235,0.376,0.904,0.9894,0.992,0.8792,0.7762,0.9894,0.9569,0.9894,0.9894,0.8792,0.8765,0.992,0.992,0.9235,0.992,0.992,0.992,0.9751,0.992,0.7622,0.992,0.9235,0.9467,0.9557,0.992,0.9557,0.992,0.9894,0.9894,0.9894,0.992,0.9583,0.992,0.9583,0.992,0.9036,0.9557,0.9583,0.992,0.9235,0.9583,0.9474,0.987,0.992,0.9583,0.992,0.7986,0.992,0.992,0.9894,0.9235,0.9235,0.9894,0.436,0.9892,0.992,0.9894,0.9037,0.992,0.9583,0.9569,0.9894,0.9894,0.992,0.992,0.9894,0.9894,0.8615,0.8878,0.992,0.9235,0.992,0.992,0.992,0.992,0.992,0.992,0.9894,0.9037,0.992,0.5141,0.992,0.992,0.9894,0.8398,
0.5958,0.3131,0.3647,0.4565,0.4568,0.4466,0.5318,0.4938,0.4901,1.0,0.5041,0.6681,0.4322,0.4941,0.4445,0.4986,0.498,0.4749,0.4474,0.4578,0.4941,0.6108,0.4921,0.4204,0.4882,0.4941,0.5295,0.4559,0.4263,0.4941,0.4329,0.4597,0.8534,0.4941,0.4372,0.4959,0.4533,0.4921,0.4963,0.4749,0.4883,0.4963,0.6962,0.4921,0.4963,0.4986,0.4764,0.4235,0.4901,0.4963,0.4764,0.5519,0.4941,0.4899,0.4921,0.4963,0.4559,0.4482,0.5493,0.5551,0.4475,0.4735,0.4749,0.526,0.4319,0.4921,0.4387,0.3819,0.4941,0.4918,0.4697,0.7471,0.5363,0.9195,0.4445,0.4764,0.4899,0.4901,0.4921,0.4346,0.4959,0.4963,0.4899,0.4764,0.5318,0.4963,0.4489,0.4562,0.7149,0.4329,0.4941,0.4921,0.7726,0.4921,0.7554,0.4764,0.7565,0.4452,0.4779,0.5578,0.4588,0.4963,0.4589,0.4986,0.4986,0.4589,0.4986,0.4578,0.4963,0.4589,0.4589,0.4588,0.4963,0.177,0.4749,0.9738,0.3971,0.9814,0.4986,0.4764,0.4618,0.4963,0.4986,0.4779,0.4779,0.4764,0.4589,0.4135,0.4997,0.4963,0.4986,0.4323,0.3971,0.498,0.4764,0.5557,0.4963,0.4323,0.6028,0.4986,0.4986,0.4683,0.4986,0.4986,0.4986,0.4779,0.4986,0.3831,0.4986,0.4589,0.4578,0.4749,0.4986,0.5363,0.4986,0.4963,0.4963,0.4963,0.4986,0.4779,0.4986,0.4779,0.4986,0.509,0.4749,0.4779,0.4986,0.4589,0.4779,0.4589,0.4941,0.4986,0.4779,0.4986,0.3933,0.4986,0.4986,0.4963,0.4589,0.4589,0.4963,0.2274,0.4938,0.4986,0.4963,0.4482,0.4986,0.4779,0.478,0.4963,0.4963,0.4986,0.4986,0.4963,0.4963,0.8601,0.4237,0.4986,0.4589,0.4986,0.4986,0.4986,0.4986,0.4986,0.4986,0.498,0.4588,0.4986,0.2681,0.4986,0.4986,0.498,0.8809,
0.8218,0.6962,0.8883,0.8686,0.867,0.8322,0.8833,0.9327,0.9077,0.5041,1.0,0.9562,0.8302,0.909,0.828,0.9147,0.9386,0.8817,0.8545,0.8477,0.909,0.9756,0.9064,0.9734,0.9251,0.909,0.9222,0.8461,0.8011,0.9128,0.9401,0.8676,0.87,0.909,0.9828,0.9355,0.9618,0.9064,0.9118,0.8782,0.9018,0.9156,0.9171,0.9064,0.9118,0.9147,0.8798,0.8079,0.904,0.9156,0.8798,0.9364,0.9128,0.9274,0.9064,0.9118,0.8661,0.8517,0.9337,0.9552,0.8481,0.8766,0.8782,0.8787,0.8054,0.9102,0.9349,0.9346,0.909,0.93,0.8796,0.848,0.9808,0.7519,0.8471,0.8798,0.9274,0.904,0.9064,0.8161,0.9355,0.9118,0.9311,0.8798,0.8833,0.9118,0.8489,0.9904,0.9464,0.827,0.909,0.9064,0.8344,0.9064,0.9382,0.8798,0.9037,0.8283,0.8815,0.6338,0.9926,0.9118,0.8486,0.9147,0.9147,0.8486,0.9147,0.8477,0.9118,0.8486,0.8486,0.9926,0.9118,0.6729,0.8782,0.3105,0.9573,0.5477,0.9147,0.8798,0.856,0.9118,0.9147,0.8815,0.8815,0.8798,0.8691,0.7079,0.9204,0.9118,0.9147,0.8238,0.9573,0.9386,0.8798,0.9156,0.9118,0.8238,0.9532,0.9147,0.9147,0.9923,0.9147,0.9147,0.9147,0.896,0.9147,0.9187,0.9147,0.8486,0.8477,0.8959,0.9147,0.9808,0.9147,0.9156,0.9118,0.9156,0.9147,0.8815,0.9147,0.8815,0.9147,0.994,0.8782,0.8815,0.9147,0.8486,0.8815,0.8486,0.909,0.9147,0.8815,0.9147,0.7506,0.9147,0.9147,0.9118,0.8486,0.8486,0.9118,0.7484,0.9327,0.9147,0.9118,0.8299,0.9147,0.896,0.9048,0.9118,0.9118,0.9147,0.9147,0.9118,0.9118,0.8183,0.8046,0.9147,0.8486,0.9147,0.9147,0.9147,0.9147,0.9147,0.9147,0.9386,0.9926,0.9147,0.807,0.9147,0.9147,0.9386,0.8001,
0.8416,0.6294,0.8296,0.791,0.7669,0.7477,0.8131,0.8516,0.8166,0.6681,0.9562,1.0,0.7517,0.8217,0.7489,0.8274,0.8577,0.7927,0.7752,0.765,0.8217,0.9915,0.8191,0.9346,0.8436,0.8217,0.8398,0.7631,0.7204,0.8217,0.8923,0.7702,0.9326,0.8217,0.9505,0.8545,0.912,0.8191,0.8244,0.7927,0.8143,0.8244,0.8972,0.8191,0.8244,0.8274,0.7945,0.7138,0.8198,0.8244,0.7945,0.8711,0.8217,0.8461,0.8191,0.8244,0.7631,0.7529,0.8681,0.9856,0.7524,0.7911,0.7927,0.8077,0.7282,0.8223,0.8838,0.9021,0.8217,0.852,0.7869,0.8482,0.9341,0.826,0.7462,0.7945,0.8461,0.8166,0.8223,0.7345,0.8545,0.8244,0.8461,0.8069,0.8131,0.8244,0.7534,0.9437,0.9976,0.752,0.8217,0.8191,0.8452,0.8191,0.977,0.7945,0.9317,0.7466,0.7963,0.7916,0.9506,0.8244,0.7839,0.8274,0.8274,0.7661,0.8274,0.765,0.8244,0.7661,0.7661,0.9506,0.8244,0.7305,0.7927,0.5129,0.946,0.731,0.8274,0.7945,0.7723,0.8244,0.8274,0.7963,0.7963,0.7945,0.7661,0.8155,0.8733,0.8244,0.8274,0.7256,0.946,0.8577,0.7945,0.8444,0.8278,0.7256,0.9361,0.8274,0.8274,0.9442,0.8274,0.8274,0.8274,0.7963,0.8274,0.9019,0.8274,0.7661,0.765,0.7927,0.8274,0.9341,0.8274,0.8244,0.8244,0.8244,0.8274,0.7963,0.8274,0.7963,0.8274,0.9653,0.7927,0.7963,0.8274,0.7661,0.7963,0.7661,0.8217,0.8274,0.7963,0.8274,0.6828,0.8274,0.8274,0.8244,0.7661,0.7661,0.8244,0.7915,0.8548,0.8274,0.8244,0.749,0.8274,0.7963,0.8255,0.8244,0.8244,0.8274,0.8274,0.8244,0.8244,0.8585,0.7136,0.8274,0.7661,0.8274,0.8274,0.8274,0.8274,0.8274,0.8274,0.8577,0.9506,0.8274,0.8403,0.8274,0.8274,0.8577,0.8509,
0.7277,0.7767,0.7815,0.8266,0.8252,0.8076,0.858,0.888,0.9028,0.4322,0.8302,0.7517,1.0,0.8872,0.8061,0.8932,0.8937,0.8695,0.8101,0.8262,0.8872,0.7831,0.888,0.767,0.884,0.8872,0.8578,0.8243,0.7786,0.8907,0.7908,0.8321,0.7519,0.8872,0.796,0.8907,0.8272,0.8844,0.8901,0.8562,0.921,0.8937,0.8595,0.8844,0.8901,0.8932,0.8715,0.7714,0.9028,0.8901,0.858,0.8915,0.8872,0.8863,0.8844,0.8937,0.8243,0.8375,0.8888,0.7193,0.816,0.8545,0.8562,0.8726,0.7839,0.8844,0.8181,0.701,0.8872,0.8853,0.8565,0.807,0.8896,0.6975,0.8061,0.858,0.8898,0.9028,0.8844,0.7909,0.9122,0.8901,0.8829,0.858,0.858,0.8901,0.8261,0.8315,0.7546,0.7868,0.8907,0.888,0.791,0.888,0.7877,0.8782,0.7888,0.8065,0.8599,0.3063,0.8309,0.8901,0.8273,0.8932,0.8932,0.8273,0.8932,0.8455,0.8901,0.8273,0.8467,0.8309,0.8901,0.3378,0.8762,0.2429,0.7249,0.4106,0.8932,0.858,0.8342,0.8901,0.8932,0.8599,0.8599,0.858,0.8467,0.3733,0.8181,0.8901,0.8932,0.784,0.7249,0.8937,0.858,0.8901,0.8901,0.8893,0.7817,0.8932,0.8932,0.8467,0.8932,0.8932,0.8932,0.8599,0.8932,0.7048,0.8932,0.8273,0.8294,0.8562,0.8932,0.8896,0.8932,0.8901,0.8937,0.8901,0.8932,0.8735,0.8932,0.8599,0.8932,0.83,0.8562,0.8599,0.8932,0.8273,0.8599,0.9437,0.8907,0.8932,0.8599,0.8932,0.7142,0.8932,0.8932,0.8901,0.8273,0.8273,0.8901,0.4285,0.888,0.8932,0.8901,0.8309,0.8932,0.8599,0.8613,0.8901,0.8937,0.8932,0.8932,0.8901,0.8937,0.7699,0.7878,0.8932,0.8273,0.8932,0.8932,0.8932,0.8932,0.8932,0.8932,0.8937,0.8309,0.8932,0.4988,0.8932,0.8932,0.8937,0.75,
0.7385,0.7356,0.7897,0.9269,0.9272,0.9082,0.9612,0.9889,0.987,0.4941,0.909,0.8217,0.8872,1.0,0.9242,0.9957,0.9932,0.9644,0.9084,0.9275,0.991,0.8572,0.9889,0.8357,0.9837,0.991,0.9592,0.931,0.8872,0.991,0.8979,0.9366,0.8385,0.9955,0.8685,0.991,0.909,0.9934,0.9932,0.9602,0.9896,0.9932,0.9602,0.9934,0.9932,0.9957,0.9612,0.8735,0.987,0.9932,0.9612,0.9889,0.991,0.9853,0.9889,0.9932,0.927,0.9181,0.987,0.7781,0.9221,0.9592,0.9602,0.9583,0.8848,0.9889,0.888,0.7608,0.991,0.987,0.9609,0.9084,0.9602,0.7864,0.909,0.9612,0.9853,0.987,0.9934,0.9165,0.991,0.9932,0.9896,0.9612,0.9612,0.9932,0.9178,0.9084,0.8276,0.9073,0.991,0.9889,0.8964,0.9889,0.8714,0.9612,0.8797,0.9087,0.9624,0.311,0.908,0.9932,0.9278,0.9957,0.9957,0.9278,0.9957,0.9275,0.9932,0.9523,0.9278,0.908,0.9932,0.335,0.9602,0.2852,0.7805,0.4615,0.9957,0.9612,0.9373,0.9932,0.9957,0.9624,0.9624,0.9612,0.9278,0.3802,0.9317,0.9932,0.9957,0.884,0.7805,0.9932,0.9612,0.9932,0.9932,0.884,0.8621,0.9957,0.9957,0.9278,0.9957,0.9957,0.9957,0.9624,0.9957,0.7792,0.9957,0.9278,0.9275,0.9644,0.9957,0.9602,0.9957,0.9932,0.9932,0.9932,0.9957,0.9624,0.9957,0.9624,0.9957,0.9081,0.9602,0.9624,0.9957,0.9278,0.9624,0.9278,0.991,0.9957,0.9624,0.9957,0.8031,0.9957,0.9957,0.9978,0.9278,0.9278,0.9978,0.4401,0.9889,0.9957,0.9932,0.908,0.9957,0.9624,0.9612,0.9932,0.9932,0.9957,0.9957,0.9932,0.9932,0.8658,0.8724,0.9957,0.9278,0.9957,0.9957,0.9957,0.9957,0.9957,0.9957,0.9932,0.908,0.9957,0.5181,0.9957,0.9957,0.9932,0.8442,
0.6509,0.6792,0.7301,0.8653,0.8502,0.8322,0.8798,0.9102,0.9263,0.4445,0.828,0.7489,0.8061,0.9242,1.0,0.9147,0.9118,0.8923,0.8512,0.9698,0.9317,0.7793,0.9289,0.7603,0.8997,0.9355,0.8766,0.8594,0.8127,0.909,0.8226,0.8543,0.7648,0.909,0.8094,0.909,0.8312,0.9252,0.9118,0.9631,0.9164,0.9118,0.8817,0.9214,0.9118,0.9147,0.9012,0.7932,0.9077,0.9118,0.8798,0.9064,0.909,0.9018,0.9064,0.9118,0.8461,0.8357,0.9077,0.7066,0.8355,0.8766,0.9631,0.8753,0.9192,0.9102,0.8094,0.6897,0.909,0.93,0.8932,0.8286,0.8782,0.7172,0.8312,0.9012,0.9018,0.904,0.9102,0.8161,0.909,0.9118,0.9164,0.8941,0.8798,0.9118,0.8361,0.8286,0.7544,0.8788,0.909,0.9064,0.8251,0.9289,0.7923,0.8798,0.7993,0.8411,0.8815,0.2721,0.8299,0.9118,0.8691,0.9147,0.9147,0.8486,0.9147,0.8477,0.9118,0.9307,0.8486,0.8299,0.9118,0.2977,0.8782,0.2518,0.7105,0.4126,0.9147,0.8798,0.856,0.9118,0.9147,0.8815,0.9682,0.9012,0.8486,0.3373,0.9045,0.9118,0.9147,0.8053,0.7105,0.9118,0.8941,0.9118,0.9156,0.8053,0.782,0.9147,0.9147,0.8486,0.9147,0.9147,0.9147,0.8815,0.9147,0.734,0.9147,0.8486,0.8477,0.8782,0.9147,0.8782,0.9147,0.9118,0.9118,0.9118,0.9147,0.8815,0.9147,0.8815,0.9147,0.8294,0.8782,0.8815,0.9147,0.8486,0.8815,0.8486,0.909,0.9147,0.8815,0.9147,0.7311,0.9147,0.9147,0.9271,0.8486,0.8486,0.9118,0.3936,0.9327,0.9147,0.9118,0.8299,0.9147,0.8815,0.8798,0.9118,0.9118,0.9147,0.9147,0.9118,0.9118,0.7903,0.7927,0.9147,0.8486,0.9147,0.9147,0.9147,0.9147,0.9147,0.9147,0.9118,0.8299,0.9147,0.467,0.9147,0.9147,0.9118,0.77,
0.7349,0.7233,0.7954,0.9325,0.9325,0.9135,0.9662,0.9937,0.992,0.4986,0.9147,0.8274,0.8932,0.9957,0.9147,1.0,0.9977,0.9653,0.9139,0.9326,0.9957,0.8629,0.9937,0.8412,0.9889,0.9957,0.9645,0.9324,0.8902,0.9957,0.8795,0.9422,0.8443,0.9957,0.8739,0.9957,0.9147,0.9937,0.9977,0.9653,0.9904,0.9977,0.9653,0.9937,0.9977,1.0,0.9662,0.8795,0.992,0.9977,0.9662,0.9937,0.9957,0.9904,0.9937,0.9977,0.9324,0.9239,0.992,0.7835,0.9243,0.9645,0.9653,0.9638,0.8904,0.9937,0.8942,0.7664,0.9957,0.992,0.9626,0.9139,0.9653,0.7917,0.9147,0.9662,0.9904,0.992,0.9937,0.9009,0.9957,0.9977,0.9904,0.9662,0.9662,0.9977,0.9236,0.9139,0.8334,0.8913,0.9957,0.9937,0.8985,0.9937,0.8772,0.9662,0.8857,0.9143,0.9673,0.3157,0.913,0.9977,0.9328,1.0,1.0,0.9328,1.0,0.9326,0.9977,0.9328,0.9328,0.913,0.9977,0.3389,0.9653,0.2889,0.7855,0.4663,1.0,0.9662,0.9426,0.9977,1.0,0.9673,0.9673,0.9662,0.9328,0.3848,0.9147,0.9977,1.0,0.8896,0.7855,0.9977,0.9662,0.9977,0.9977,0.8896,0.8683,1.0,1.0,0.9328,1.0,1.0,1.0,0.9673,1.0,0.7733,1.0,0.9328,0.9326,0.9653,1.0,0.9653,1.0,0.9977,0.9977,0.9977,1.0,0.9673,1.0,0.9673,1.0,0.9133,0.9653,0.9673,1.0,0.9328,0.9673,0.9328,0.9957,1.0,0.9673,1.0,0.8083,1.0,1.0,0.9977,0.9328,0.9328,0.9977,0.4446,0.9937,1.0,0.9977,0.913,1.0,0.9673,0.9662,0.9977,0.9977,1.0,1.0,0.9977,0.9977,0.8709,0.8784,1.0,0.9328,1.0,1.0,1.0,1.0,1.0,1.0,0.9977,0.913,1.0,0.5225,1.0,1.0,0.9977,0.8493,
0.7555,0.7266,0.8197,0.9336,0.9298,0.9108,0.9636,0.9957,0.9894,0.498,0.9386,0.8577,0.8937,0.9932,0.9118,0.9977,1.0,0.9626,0.915,0.93,0.9932,0.8917,0.9912,0.873,0.9906,0.9932,0.966,0.9296,0.8869,0.9932,0.9012,0.9393,0.855,0.9932,0.904,0.9978,0.9347,0.9912,0.9954,0.9626,0.9877,0.9954,0.9669,0.9912,0.9954,0.9977,0.9636,0.8764,0.9894,0.9954,0.9636,0.9957,0.9932,0.9922,0.9912,0.9954,0.9296,0.9209,0.9939,0.8216,0.9212,0.9617,0.9626,0.9609,0.8875,0.9912,0.9126,0.8026,0.9932,0.9939,0.9596,0.9111,0.9797,0.789,0.9118,0.9636,0.9922,0.9894,0.9912,0.8978,0.9978,0.9954,0.9922,0.9636,0.9636,0.9954,0.9206,0.9383,0.8606,0.892,0.9932,0.9912,0.8955,0.9912,0.8957,0.9636,0.897,0.9114,0.9648,0.3711,0.9384,0.9954,0.9302,0.9977,0.9977,0.9302,0.9977,0.93,0.9954,0.9302,0.9302,0.9384,0.9954,0.4014,0.9626,0.2877,0.8254,0.4786,0.9977,0.9636,0.9398,0.9954,0.9977,0.9648,0.9648,0.9636,0.9302,0.4438,0.9271,0.9954,0.9977,0.8867,0.8254,1.0,0.9636,0.9954,0.9954,0.8867,0.8892,0.9977,0.9977,0.9549,0.9977,0.9977,0.9977,0.9648,0.9977,0.8088,0.9977,0.9302,0.93,0.9626,0.9977,0.9797,0.9977,0.9954,0.9954,0.9954,0.9977,0.9648,0.9977,0.9648,0.9977,0.9383,0.9626,0.9648,0.9977,0.9302,0.9648,0.9302,0.9932,0.9977,0.9648,0.9977,0.809,0.9977,0.9977,0.9954,0.9302,0.9302,0.9954,0.5033,0.9957,0.9977,0.9954,0.9104,0.9977,0.9648,0.968,0.9954,0.9954,0.9977,0.9977,0.9954,0.9954,0.8683,0.8753,0.9977,0.9302,0.9977,0.9977,0.9977,0.9977,0.9977,0.9977,1.0,0.9384,0.9977,0.5787,0.9977,0.9977,1.0,0.8467,
0.7094,0.7417,0.7731,0.8959,0.8967,0.8818,0.9305,0.9579,0.9557,0.4749,0.8817,0.7927,0.8695,0.9644,0.8923,0.9653,0.9626,1.0,0.8781,0.8973,0.9602,0.8274,0.9579,0.8069,0.9519,0.9602,0.9318,0.9,0.8552,0.9602,0.8493,0.9201,0.8092,0.9602,0.839,0.9602,0.8923,0.962,0.9626,0.9291,0.9578,0.9626,0.9291,0.962,0.9626,0.9653,0.9941,0.8427,0.9557,0.9626,0.9305,0.9579,0.9602,0.9537,0.9579,0.9797,0.8963,0.9434,0.9557,0.7507,0.9008,0.9279,0.9291,0.9268,0.8545,0.9579,0.8601,0.7335,0.9602,0.9557,0.9249,0.8781,0.9291,0.7589,0.8994,0.9305,0.97,0.9557,0.9579,0.8669,0.9602,0.9626,0.9619,0.9305,0.9305,0.9626,0.9439,0.8925,0.7985,0.8754,0.9602,0.9745,0.8657,0.9579,0.8411,0.9305,0.8489,0.8781,0.9319,0.2955,0.8784,0.9626,0.8979,0.9653,0.9653,0.8979,0.9653,0.8973,0.9626,0.9207,0.8979,0.8784,0.9626,0.3203,0.9291,0.2719,0.7538,0.4424,0.9653,0.9305,0.9064,0.9626,0.9653,0.9319,0.9319,0.9305,0.8979,0.3633,0.8994,0.9626,0.9653,0.8747,0.7538,0.9626,0.9305,0.9626,0.9626,0.8747,0.8314,0.9653,0.9653,0.8979,0.9653,0.9653,0.9653,0.9319,0.9653,0.7503,0.9653,0.8979,0.8973,0.9449,0.9653,0.9291,0.9653,0.9626,0.9797,0.9626,0.9653,0.9962,0.9653,0.9319,0.9653,0.8783,0.9291,0.9319,0.9653,0.8979,0.9319,0.8979,0.977,0.9653,0.9319,0.9653,0.7756,0.9653,0.9653,0.9669,0.8979,0.8979,0.9626,0.4219,0.9579,0.9653,0.9626,0.8784,0.9653,0.9319,0.9305,0.9626,0.9626,0.9653,0.9653,0.9626,0.9797,0.8371,0.934,0.9653,0.8979,0.9653,0.9653,0.9653,0.9653,0.9653,0.9653,0.9626,0.8784,0.9653,0.4983,0.9653,0.9653,0.9626,0.816,
0.6644,0.71,0.7349,0.8492,0.8675,0.8524,0.8796,0.9365,0.9037,0.4474,0.8545,0.7752,0.8101,0.9084,0.8512,0.9139,0.915,0.8781,1.0,0.8477,0.9084,0.8069,0.906,0.7902,0.9033,0.9354,0.8803,0.8464,0.8024,0.9084,0.8151,0.8546,0.7946,0.9084,0.8195,0.9123,0.8707,0.9326,0.9111,0.8781,0.9016,0.9111,0.9069,0.906,0.9111,0.9139,0.8796,0.8061,0.9037,0.9111,0.8796,0.9098,0.9123,0.9053,0.906,0.9111,0.8667,0.8396,0.9338,0.7421,0.8362,0.8803,0.8781,0.8895,0.8061,0.906,0.8439,0.7238,0.9084,0.9075,0.8731,0.8289,0.8925,0.7154,0.8512,0.8796,0.9053,0.9037,0.906,0.814,0.9123,0.9111,0.9053,0.8796,0.8796,0.9111,0.8366,0.852,0.778,0.8281,0.9084,0.906,0.8259,0.906,0.8112,0.8796,0.8124,0.9234,0.8812,0.3231,0.8536,0.9111,0.8485,0.9139,0.9139,0.8485,0.9139,0.8477,0.915,0.8485,0.8485,0.8536,0.9111,0.3538,0.8781,0.2541,0.7469,0.4268,0.9139,0.8796,0.87,0.9111,0.9139,0.8812,0.8812,0.8796,0.8485,0.391,0.8415,0.9111,0.9139,0.8058,0.7469,0.915,0.9814,0.9111,0.9111,0.8058,0.8063,0.9139,0.9139,0.8694,0.9139,0.9139,0.9139,0.8812,0.9139,0.7284,0.9139,0.8485,0.8477,0.8817,0.9139,0.8925,0.9139,0.915,0.9111,0.915,0.9139,0.8812,0.9139,0.8812,0.9139,0.853,0.8817,0.8812,0.9139,0.8485,0.8959,0.8485,0.9084,0.9139,0.8812,0.9139,0.7345,0.9139,0.9139,0.9111,0.8485,0.8485,0.9111,0.4468,0.9098,0.9139,0.9111,0.8299,0.9139,0.8959,0.8832,0.9111,0.9111,0.9139,0.9139,0.9111,0.9111,0.7905,0.7936,0.9139,0.8485,0.9139,0.9139,0.9139,0.9139,0.9139,0.9139,0.915,0.8536,0.9139,0.5176,0.9139,0.9139,0.915,0.7704,
0.6733,0.6508,0.7477,0.8861,0.8659,0.8478,0.8986,0.9252,0.9467,0.4578,0.8477,0.765,0.8262,0.9275,0.9698,0.9326,0.93,0.8973,0.8477,1.0,0.9517,0.8017,0.9491,0.7788,0.9231,0.9517,0.896,0.8654,0.8344,0.9275,0.832,0.874,0.781,0.9315,0.8326,0.9275,0.8612,0.9252,0.93,0.9877,0.9211,0.93,0.8973,0.9252,0.93,0.9326,0.9215,0.8132,0.9231,0.93,0.8986,0.9252,0.9275,0.9211,0.9252,0.93,0.8654,0.8558,0.9231,0.7244,0.8558,0.896,0.9877,0.8949,0.9426,0.9292,0.8268,0.7077,0.9275,0.9467,0.9183,0.8477,0.8973,0.7324,0.8511,0.9215,0.9211,0.9231,0.9252,0.8334,0.9275,0.93,0.9211,0.8986,0.8986,0.93,0.8696,0.8477,0.7706,0.8285,0.9275,0.9252,0.8322,0.9491,0.8118,0.8986,0.8193,0.8682,0.9001,0.2841,0.8482,0.93,0.8671,0.9326,0.9326,0.8671,0.9326,0.8664,0.93,0.8671,0.8671,0.8482,0.93,0.3084,0.8973,0.2617,0.7276,0.4262,0.9326,0.8986,0.8752,0.934,0.9326,0.9001,0.9924,0.9215,0.8671,0.3498,0.8477,0.93,0.9326,0.8244,0.7276,0.93,0.8986,0.93,0.93,0.8244,0.8022,0.9326,0.9326,0.8671,0.9326,0.9326,0.9326,0.9001,0.9326,0.7133,0.9326,0.8671,0.8664,0.8973,0.9326,0.8973,0.9326,0.93,0.93,0.93,0.9326,0.9001,0.9326,0.9155,0.9326,0.848,0.8973,0.9001,0.9326,0.8671,0.9001,0.8671,0.9275,0.9326,0.9001,0.9326,0.7487,0.9326,0.9326,0.93,0.8889,0.8671,0.93,0.4065,0.9491,0.9326,0.93,0.8482,0.9326,0.9001,0.8986,0.934,0.93,0.9326,0.9326,0.93,0.93,0.8083,0.8125,0.9326,0.8671,0.9326,0.9326,0.9326,0.9326,0.9326,0.9326,0.93,0.8482,0.9326,0.4805,0.9326,0.9326,0.93,0.7878,
0.725,0.7154,0.7897,0.9348,0.9272,0.9082,0.9612,0.9889,0.9914,0.4941,0.909,0.8217,0.8872,0.991,0.9317,0.9957,0.9932,0.9602,0.9084,0.9517,1.0,0.8572,0.9934,0.8357,0.9837,0.9955,0.9592,0.931,0.8975,0.991,0.8805,0.9366,0.8385,0.991,0.8721,0.991,0.909,0.9889,0.9932,0.977,0.9853,0.9932,0.9602,0.9889,0.9932,0.9957,0.9655,0.8735,0.987,0.9932,0.9612,0.9889,0.991,0.9853,0.9889,0.9932,0.927,0.9181,0.987,0.7781,0.9183,0.9592,0.977,0.9583,0.9286,0.9889,0.888,0.7608,0.991,0.9914,0.9609,0.9084,0.9602,0.7864,0.909,0.9655,0.9853,0.987,0.9889,0.9093,0.991,0.9932,0.9853,0.9612,0.9612,0.9978,0.9178,0.9084,0.8276,0.8855,0.991,0.9889,0.8927,0.9934,0.8714,0.9612,0.8797,0.9087,0.9624,0.311,0.908,0.9932,0.9278,0.9957,0.9957,0.9278,0.9957,0.9275,0.9932,0.9278,0.9278,0.908,0.9932,0.335,0.9602,0.2852,0.7805,0.4615,0.9957,0.9612,0.9373,0.9932,0.9957,0.9624,0.9796,0.9655,0.9278,0.3802,0.909,0.9932,0.9957,0.884,0.7805,0.9932,0.9612,0.9932,0.9932,0.884,0.8621,0.9957,0.9957,0.9278,0.9957,0.9957,0.9957,0.9624,0.9957,0.7674,0.9957,0.9278,0.9275,0.9602,0.9957,0.9602,0.9957,0.9932,0.9932,0.9932,0.9957,0.9624,0.9957,0.9624,0.9957,0.9081,0.977,0.9624,0.9957,0.9278,0.9624,0.9278,0.991,0.9957,0.9624,0.9957,0.8031,0.9957,0.9957,0.9932,0.9278,0.9278,0.9932,0.4401,0.9934,0.9957,0.9978,0.908,0.9957,0.9624,0.9612,0.9932,0.9932,0.9957,0.9957,0.9932,0.9932,0.8658,0.8724,0.9957,0.9278,0.9957,0.9957,0.9957,0.9957,0.9957,0.9957,0.9932,0.908,0.9957,0.5181,0.9957,0.9957,0.9932,0.8442,
0.8425,0.6472,0.8572,0.8264,0.7976,0.7806,0.8423,0.8856,0.8521,0.6108,0.9756,0.9915,0.7831,0.8572,0.7793,0.8629,0.8917,0.8274,0.8069,0.8017,0.8572,1.0,0.8546,0.9538,0.8811,0.8572,0.8678,0.7999,0.7637,0.8607,0.9162,0.8043,0.9154,0.8607,0.9741,0.8885,0.9493,0.8546,0.8599,0.8274,0.8498,0.8599,0.9089,0.8546,0.8599,0.8629,0.8291,0.7459,0.8521,0.8599,0.8291,0.8994,0.8572,0.8802,0.8546,0.8599,0.7999,0.7865,0.8964,0.9847,0.7861,0.8259,0.8274,0.8372,0.7579,0.858,0.9068,0.9173,0.8607,0.8828,0.8249,0.8516,0.9577,0.7996,0.7823,0.8291,0.8802,0.8521,0.8546,0.7648,0.8885,0.8599,0.8802,0.8291,0.8423,0.8599,0.7987,0.9677,0.9859,0.7861,0.8572,0.8546,0.8447,0.8546,0.97,0.8291,0.9274,0.7974,0.8309,0.7456,0.9742,0.8599,0.7996,0.8629,0.8629,0.7996,0.8629,0.7986,0.8599,0.7996,0.7996,0.9742,0.8599,0.7229,0.8274,0.4407,0.9606,0.6688,0.8629,0.8291,0.8063,0.8635,0.8629,0.8309,0.8309,0.8423,0.7996,0.7887,0.8965,0.8635,0.8629,0.7579,0.9606,0.8917,0.8291,0.874,0.8599,0.7579,0.9426,0.8629,0.8629,0.9696,0.8629,0.8629,0.8629,0.8309,0.8629,0.9177,0.8629,0.7996,0.7986,0.8274,0.8629,0.9577,0.8629,0.8599,0.8599,0.8599,0.8629,0.8309,0.8629,0.8442,0.8629,0.9841,0.8274,0.8309,0.8629,0.8185,0.8309,0.7996,0.8572,0.8629,0.8309,0.8629,0.7111,0.8629,0.8629,0.8599,0.8185,0.7996,0.8599,0.7882,0.8856,0.8629,0.8599,0.7818,0.8629,0.8309,0.8587,0.8635,0.8599,0.8629,0.8629,0.8599,0.8599,0.8472,0.7456,0.8629,0.7996,0.8629,0.8629,0.8629,0.8629,0.8629,0.8629,0.8917,0.9742,0.8629,0.8404,0.8629,0.8629,0.8917,0.8357,
0.7337,0.7161,0.7912,0.9283,0.9249,0.9059,0.959,0.9868,0.9892,0.4921,0.9064,0.8191,0.888,0.9889,0.9289,0.9937,0.9912,0.9579,0.906,0.9491,0.9934,0.8546,1.0,0.8332,0.9856,0.9934,0.9568,0.9246,0.8944,0.9889,0.8742,0.9341,0.8359,0.9889,0.8732,0.9889,0.9064,0.9868,0.9912,0.9787,0.983,0.9912,0.9579,0.9868,0.9912,0.9937,0.9632,0.8707,0.9848,0.9912,0.959,0.9912,0.9889,0.9873,0.9868,0.9912,0.9285,0.9154,0.9892,0.7756,0.9342,0.9568,0.9745,0.9559,0.9039,0.9868,0.8852,0.7583,0.9889,0.9892,0.9784,0.906,0.9579,0.7871,0.9064,0.98,0.9873,0.9848,0.9912,0.892,0.9889,0.9912,0.9873,0.959,0.959,0.9912,0.9152,0.906,0.825,0.8829,0.9934,0.9868,0.8938,0.9956,0.8687,0.959,0.877,0.9062,0.9603,0.3088,0.9058,0.9912,0.9256,0.9937,0.9937,0.9256,0.9937,0.9252,0.9912,0.9256,0.9498,0.9058,0.9912,0.3331,0.9579,0.2834,0.7783,0.4593,0.9937,0.959,0.9349,0.9912,0.9937,0.9603,0.9773,0.9632,0.9256,0.3781,0.9064,0.9912,0.9937,0.8815,0.7783,0.9912,0.959,0.9912,0.9912,0.8815,0.8626,0.9937,0.9937,0.9256,0.9937,0.9937,0.9937,0.9603,0.9937,0.7647,0.9937,0.9256,0.9292,0.9579,0.9937,0.9579,0.9937,0.9912,0.9912,0.9912,0.9937,0.9603,0.9937,0.9603,0.9937,0.9058,0.9579,0.9603,0.9937,0.9256,0.9603,0.9256,0.9889,0.9937,0.9603,0.9937,0.8008,0.9937,0.9937,0.9912,0.9256,0.9498,0.9912,0.438,0.9912,0.9937,0.9912,0.9331,0.9937,0.9603,0.959,0.9912,0.9957,0.9937,0.9937,0.9912,0.9912,0.8636,0.8697,0.9937,0.9256,0.9937,0.9937,0.9937,0.9937,0.9937,0.9937,0.9912,0.9058,0.9937,0.516,0.9937,0.9937,0.9912,0.842,
0.8268,0.6339,0.9117,0.8063,0.7779,0.7614,0.8085,0.8671,0.8443,0.4204,0.9734,0.9346,0.767,0.8357,0.7603,0.8412,0.873,0.8069,0.7902,0.7788,0.8357,0.9538,0.8332,1.0,0.8595,0.8357,0.8879,0.7772,0.7349,0.8357,0.9139,0.7846,0.8021,0.8357,0.974,0.8699,0.9331,0.8332,0.8383,0.8069,0.8287,0.8383,0.8389,0.8332,0.8383,0.8412,0.8085,0.7385,0.8309,0.8522,0.8085,0.8671,0.8357,0.8619,0.8332,0.8383,0.7772,0.7673,0.8644,0.9561,0.7669,0.8054,0.8069,0.804,0.7394,0.8468,0.9021,0.9897,0.8357,0.8644,0.8139,0.761,0.935,0.6654,0.7603,0.8085,0.8619,0.8309,0.8332,0.7462,0.8699,0.8383,0.8619,0.8085,0.8085,0.8383,0.8142,0.9776,0.9163,0.7671,0.8357,0.8332,0.7461,0.8332,0.8888,0.8085,0.8415,0.7606,0.8102,0.6819,0.9726,0.8383,0.7797,0.8412,0.8412,0.7797,0.8412,0.7788,0.8383,0.7797,0.7797,0.9726,0.8383,0.7569,0.8069,0.2353,0.9711,0.4886,0.8412,0.8085,0.7864,0.8383,0.8412,0.8102,0.8102,0.8085,0.7797,0.7688,0.8755,0.8383,0.8412,0.7394,0.9711,0.873,0.8085,0.8383,0.8383,0.7394,0.96,0.8412,0.8412,0.9654,0.8412,0.8412,0.8412,0.8625,0.8412,0.9265,0.8412,0.7797,0.7788,0.8069,0.8412,0.935,0.8412,0.8383,0.8383,0.8383,0.8412,0.8102,0.8412,0.8102,0.8412,0.9702,0.8069,0.8102,0.8412,0.7797,0.8102,0.7797,0.8357,0.8412,0.8102,0.8412,0.6964,0.8412,0.8412,0.8383,0.7797,0.7797,0.8383,0.8185,0.8671,0.8412,0.8383,0.7625,0.8412,0.8102,0.8408,0.8383,0.8383,0.8412,0.8412,0.8383,0.8383,0.7259,0.7275,0.8412,0.7797,0.8412,0.8412,0.8412,0.8412,0.8412,0.8412,0.873,0.9726,0.8412,0.8672,0.8412,0.8412,0.873,0.7072,
0.7739,0.7184,0.8079,0.9217,0.9187,0.8996,0.9533,0.9898,0.9791,0.4882,0.9251,0.8436,0.884,0.9837,0.8997,0.9889,0.9906,0.9519,0.9033,0.9231,0.9837,0.8811,0.9856,0.8595,1.0,0.9837,0.9546,0.9183,0.8861,0.9837,0.8868,0.9275,0.842,0.988,0.8942,0.988,0.9359,0.9813,0.9906,0.9519,0.9813,0.9862,0.9559,0.9856,0.9862,0.9889,0.9533,0.8835,0.9833,0.9862,0.9533,0.9898,0.988,0.9896,0.9856,0.9862,0.9221,0.9084,0.9876,0.8079,0.912,0.9546,0.9519,0.9495,0.8754,0.9856,0.8982,0.7885,0.988,0.9833,0.9553,0.8996,0.968,0.7805,0.9178,0.9533,0.9896,0.9791,0.9813,0.8847,0.988,0.9862,0.9813,0.9573,0.9533,0.9862,0.923,0.9254,0.8466,0.8829,0.988,0.9856,0.8833,0.9856,0.8855,0.9695,0.8867,0.9215,0.9547,0.3574,0.9264,0.9862,0.9199,0.9889,0.9889,0.9199,0.9889,0.9192,0.9862,0.9199,0.9432,0.9264,0.9862,0.3892,0.9519,0.2793,0.8125,0.4672,0.9889,0.9695,0.9286,0.9906,0.9889,0.9712,0.9547,0.9533,0.9199,0.4302,0.9178,0.9862,0.9889,0.8961,0.8125,0.9906,0.9533,0.9862,0.9862,0.8749,0.8777,0.9889,0.9889,0.9432,0.9889,0.9889,0.9889,0.9547,0.9889,0.794,0.9889,0.9432,0.9231,0.9519,0.9889,0.968,0.9889,0.9862,0.9862,0.9862,0.9889,0.9547,0.9889,0.9712,0.9889,0.926,0.9519,0.9547,0.9889,0.9199,0.9547,0.9199,0.988,0.9889,0.9712,0.9889,0.836,0.9889,0.9889,0.9862,0.9432,0.9199,0.9862,0.49,0.9856,0.9889,0.9862,0.9264,0.9889,0.9547,0.9736,0.9906,0.9906,0.9889,0.9889,0.9906,0.9862,0.8576,0.8625,0.9889,0.9432,0.9889,0.9889,0.9889,0.9889,0.9889,0.9889,0.9906,0.9264,0.9889,0.5658,0.9889,0.9889,0.9906,0.836,
0.725,0.7241,0.7897,0.9309,0.9272,0.9121,0.9612,0.9934,0.9914,0.4941,0.909,0.8217,0.8872,0.991,0.9355,0.9957,0.9932,0.9602,0.9354,0.9517,0.9955,0.8572,0.9934,0.8357,0.9837,1.0,0.9592,0.927,0.8837,0.991,0.877,0.9366,0.8419,0.991,0.8721,0.991,0.9128,0.9934,0.9932,0.977,0.9853,0.9932,0.9644,0.9889,0.9932,0.9957,0.9655,0.8735,0.987,0.9932,0.9612,0.9889,0.991,0.9853,0.9889,0.9932,0.927,0.9181,0.9914,0.7781,0.9183,0.9592,0.977,0.9583,0.9067,0.9889,0.888,0.7608,0.991,0.9914,0.9609,0.9084,0.9602,0.7864,0.9128,0.9655,0.9853,0.987,0.9889,0.8948,0.991,0.9932,0.9853,0.9612,0.9612,0.9932,0.9178,0.9084,0.8276,0.8855,0.991,0.9889,0.8927,0.9934,0.8714,0.9612,0.8797,0.924,0.9624,0.311,0.908,0.9932,0.9278,0.9957,0.9957,0.9278,0.9957,0.9275,0.9932,0.9278,0.9278,0.908,0.9932,0.335,0.9602,0.2852,0.7805,0.4615,0.9957,0.9612,0.9373,0.9932,0.9957,0.9624,0.9796,0.9655,0.9278,0.3802,0.909,0.9932,0.9957,0.884,0.7805,0.9932,0.9783,0.9932,0.9932,0.884,0.8621,0.9957,0.9957,0.9278,0.9957,0.9957,0.9957,0.9624,0.9957,0.7674,0.9957,0.9278,0.9275,0.9602,0.9957,0.9602,0.9957,0.9932,0.9932,0.9932,0.9957,0.9624,0.9957,0.9624,0.9957,0.9081,0.9602,0.9624,0.9957,0.9278,0.9624,0.9278,0.991,0.9957,0.9624,0.9957,0.8031,0.9957,0.9957,0.9932,0.9278,0.9278,0.9932,0.4401,0.9934,0.9957,0.9932,0.908,0.9957,0.9624,0.9612,0.9932,0.9932,0.9957,0.9957,0.9932,0.9932,0.8658,0.8724,0.9957,0.9278,0.9957,0.9957,0.9957,0.9957,0.9957,0.9957,0.9932,0.908,0.9957,0.5181,0.9957,0.9957,0.9932,0.8442,
0.7951,0.6837,0.846,0.8982,0.8954,0.8804,0.9333,0.9609,0.9709,0.5295,0.9222,0.8398,0.8578,0.9592,0.8766,0.9645,0.966,0.9318,0.8803,0.896,0.9592,0.8678,0.9568,0.8879,0.9546,0.9592,1.0,0.895,0.8501,0.9592,0.8669,0.9186,0.8515,0.9592,0.8677,0.9634,0.8977,0.9568,0.9617,0.9279,0.9526,0.9617,0.9474,0.9568,0.9617,0.9645,0.9293,0.854,0.9546,0.9786,0.9293,0.9651,0.9592,0.9566,0.9568,0.9617,0.895,0.8851,0.9628,0.7982,0.899,0.9266,0.9279,0.9293,0.853,0.9733,0.8781,0.8447,0.9592,0.9587,0.9385,0.8981,0.9474,0.8073,0.8977,0.9293,0.9566,0.9546,0.9568,0.8652,0.9634,0.9617,0.9606,0.9293,0.9333,0.9617,0.9418,0.9159,0.8459,0.8568,0.9592,0.9568,0.8846,0.9568,0.8822,0.9293,0.8834,0.8766,0.9308,0.3751,0.9028,0.9617,0.8967,0.9645,0.9645,0.8967,0.9645,0.896,0.9617,0.8967,0.8967,0.9028,0.9617,0.378,0.9279,0.3314,0.7913,0.5084,0.9645,0.9293,0.9051,0.9617,0.9645,0.9308,0.9308,0.9293,0.8967,0.4333,0.8942,0.9617,0.9645,0.873,0.7913,0.966,0.9293,0.966,0.9617,0.873,0.9396,0.9645,0.9645,0.9193,0.9645,0.9645,0.9645,0.9945,0.9645,0.7729,0.9645,0.8967,0.896,0.9435,0.9645,0.9474,0.9645,0.9617,0.9617,0.9617,0.9645,0.9308,0.9645,0.9308,0.9645,0.906,0.9279,0.9308,0.9645,0.8967,0.9308,0.8967,0.9592,0.9645,0.9308,0.9645,0.7773,0.9645,0.9645,0.9617,0.8967,0.8967,0.9617,0.4762,0.9609,0.9645,0.9617,0.8772,0.9645,0.9308,0.9333,0.9617,0.9617,0.9645,0.9645,0.9617,0.9617,0.8667,0.8533,0.9645,0.8967,0.9645,0.9645,0.9645,0.9645,0.9645,0.9645,0.966,0.9028,0.9645,0.5504,0.9645,0.9645,0.966,0.8478,
